.2274154357904669,0.0477735292356364,0.8438503797973453,-0.0003040806322636,0.2323791370109472,0.0001649649769589
420,9096,910510.5105105104,car,-67.09510007586456,9.887061486135757,0.8467217430002946,0.1769412731391126,0.2063459516188601,0.2059860753144319,5.120891747766275,2.031662678161591,0.2194529244279363,0.0460694270242827,0.865012045310226,-0.0002927076468028,0.2242363961555165,0.0001295588881176
420,9097,910610.6106106108,car,-67.00431524472384,9.906093751690769,0.8660638718374943,0.1809970455737176,0.20633243512006,0.2059740172230521,5.120891747766275,2.031662678161591,0.2092716200646399,0.0439138834797729,0.8847748219605419,-0.0002739219920172,0.2138294374657847,0.0001086269771011
421,8978,898698.6986986988,bicycle,-40.53834727724076,13.150433309543027,2.480223534479688,0.5239374574856402,0.206357846204209,0.206357846204209,1.6083319243615286,0.8216356203503881,-1.1997078575875897,-0.2315695539149602,2.5349551829313133,0.0046325881649117,-1.221702223466774,0.0191593067233237
421,8979,898798.7987987988,bicycle,-40.29385217376468,13.224697019934297,2.359161115180721,0.5007058491238344,0.2058855895623316,0.2071430066144001,1.6083319243615286,0.8216356203503881,-1.2074724265548622,-0.2319809248105446,2.411697758738031,0.0078380626128352,-1.2293958173737958,0.0197670076152002
421,8980,898898.8988988989,bicycle,-40.05238683843496,13.293614463602864,2.2346760740324223,0.4772929084792784,0.2059582514980674,0.2089022269650917,1.6083319243615286,0.8216356203503881,-1.232678237670069,-0.2333163417713694,2.285056144674924,0.01020254972749,-1.254340575658577,0.0237038650745048
421,8981,898998.998998999,bicycle,-39.82943681413544,13.36335267687616,2.103913741223726,0.4536550146662157,0.2063283442762007,0.2128632872654383,1.6083319243615286,0.8216356203503881,-1.2758665843298858,-0.2349739172223622,2.1522283013544405,0.0130092924787754,-1.2969436099380045,0.031393557068426
421,8982,899099.0990990992,bicycle,-39.62500169307365,13.43082389707536,1.966331666028232,0.4297922711487679,0.2078697639935538,0.2201794794258992,1.6083319243615286,0.8216356203503881,-1.3256654560438974,-0.2366990191353567,2.012700786544501,0.0147363838076524,-1.3459765378286352,0.0419819797360093
421,8983,899199.1991991992,bicycle,-39.43509403379256,13.495803731890792,1.82417743853537,0.4048629084919017,0.2120343495592873,0.2295714754857885,1.6083319243615286,0.8216356203503881,-1.3681769224363325,-0.2422552719127129,1.868527684196704,0.0118993833659629,-1.388518751240288,0.0511017153427213
421,8984,899299.2992992993,bicycle,-39.25356847459896,13.55916644800005,1.6812399179539437,0.3768193128412856,0.219907100267974,0.2302123504760704,1.6083319243615286,0.8216356203503881,-1.3930001779275114,-0.2579960238164409,1.722950798723746,0.0010007143283047,-1.4157325403561438,0.0520847212521264
421,8985,899399.3993993994,bicycle,-39.09147741440391,13.6182401025058,1.544960481816113,0.3462881935124179,0.2225762053668592,0.2244926615481245,1.6083319243615286,0.8216356203503881,-1.3805083668397835,-0.2765979911486382,1.5832901053630215,-0.0032932657228438,-1.40751106905228,0.0349626960833554
421,8986,899499.4994994996,bicycle,-38.943380139600265,13.673426182103071,1.412155576341592,0.3132623878190241,0.2220420347452183,0.2140879923246728,1.6083319243615286,0.8216356203503881,-1.3597179305954148,-0.2972115692050709,1.4464741140598494,-0.0054159735509781,-1.3917890808165096,0.0095248187359944
421,8987,899599.5995995996,bicycle,-38.80288908643094,13.724674565926485,1.2852871910763088,0.2801421569189314,0.2187457793043711,0.203552182656721,1.6083319243615286,0.8216356203503881,-1.3243010467785397,-0.3101268482857375,1.315451676208566,-0.0054478608731827,-1.3600426887090376,-0.0153560872449002
421,8988,899699.6996996996,bicycle,-38.67401703588435,13.770473769913531,1.1698289529821249,0.2499092859054956,0.2110893336299888,0.1972430375339482,1.6083319243615286,0.8216356203503881,-1.258680445670906,-0.3070160189999975,1.1962248422200237,-0.0007465070183717,-1.2950694191370344,-0.0364760175043999
421,8989,899799.7997997998,bicycle,-38.56220556496163,13.806705648605035,1.067052556551575,0.2239120215597246,0.2080188924866615,0.1971459471705904,1.6083319243615286,0.8216356203503881,-1.1692846732004656,-0.2887843989591913,1.0902917504545175,-0.0012848085611311,-1.2037175118789314,-0.0410758768589981
421,8990,899899.8998999,bicycle,-38.46281588602702,13.837090035556043,0.9730618104882942,0.2014872413987939,0.2068366223558815,0.1992006827594755,1.6083319243615286,0.8216356203503881,-1.0802036187268371,-0.263736480793187,0.993699866604375,-0.002640187057799,-1.111341810069441,-0.0362790628780284
421,8991,900000.0,bicycle,-38.36715509463155,13.866809689865166,0.887280797375703,0.1822558799267075,0.2062858869075725,0.201246427100103,1.6083319243615286,0.8216356203503881,-0.9936472199785866,-0.2359706755665619,0.9057997686975172,-0.0033463692333886,-1.020913238309194,-0.0274429835030376
421,8992,900100.1001001,bicycle,-38.284747141878285,13.89336788995507,0.809390710464046,0.1658510426642619,0.2061158750017133,0.2035176935126141,1.6083319243615286,0.8216356203503881,-0.909979463216664,-0.2079864683369638,0.8262015134990164,-0.0033090225521388,-0.933284543148484,-0.0173480836836908
421,8993,900200.2002002002,bicycle,-38.20518744648822,13.91981930315766,0.7365946290949543,0.1513763177929046,0.2060066722003002,0.205833191558435,1.6083319243615286,0.8216356203503881,-0.8390023601017563,-0.1833687184145056,0.7519841773780532,-0.0024968326184216,-0.8587706849044645,-0.0078713339411128
421,8994,900300.3003003004,bicycle,-38.127706996889984,13.945558356759676,0.6650937092804206,0.1377555822967082,0.2059353874850532,0.2085407327200133,1.6083319243615286,0.8216356203503881,-0.7905645542973602,-0.1649979049498925,0.679209030802765,-0.0011554454822567,-0.807599283067766,0.000145387991567
421,8995,900400.4004004004,bicycle,-38.05644665855323,13.96890436723535,0.5920047390179429,0.1241188989421437,0.2059307283529274,0.2118010953093723,1.6083319243615286,0.8216356203503881,-0.7671053141673211,-0.1538257510091841,0.6048759498572618,0.0004442731008911,-0.7823512484953055,0.00628081802959
421,8996,900500.5005005004,bicycle,-37.99640693023677,13.987903347554992,0.5161590743428972,0.1099782339755113,0.2060649152378216,0.2158945297447211,1.6083319243615286,0.8216356203503881,-0.7634524959027594,-0.1489484630413615,0.5277416402903403,0.0020403623574926,-0.7777769204552198,0.0104124996869848
421,8997,900600.6006006006,bicycle,-37.94100656460934,14.00482970603226,0.4365488875843945,0.0948875809900032,0.2064081990602534,0.2218113396763578,1.6083319243615286,0.8216356203503881,-0.7758198364443718,-0.1496501105260268,0.4467292163759213,0.0034046311785609,-0.7900219231407692,0.0125273763408091
421,8998,900700.7007007007,bicycle,-37.89345590816265,14.01600020269022,0.3534933308696978,0.0786397819061949,0.2071881127265285,0.228793222830195,1.6083319243615286,0.8216356203503881,-0.7967476723816598,-0.1545672536610265,0.362110152638991,0.0042411818369636,-0.8115036698032788,0.0126365836251692
421,8999,900800.8008008008,bicycle,-37.85667780954059,14.023009468489224,0.2695664428882666,0.0615766342961301,0.208891463946259,0.2369473315807108,1.6083319243615286,0.8216356203503881,-0.812929566462217,-0.1607375138375146,0.2764759363943296,0.0043365444251213,-0.8285906517072207,0.0113384428612026
421,9000,900900.9009009008,bicycle,-37.83434334020493,14.027041516460706,0.1896320060156398,0.0446693880071024,0.2124688609495573,0.2457921500254153,1.6083319243615286,0.8216356203503881,-0.8073451905876728,-0.1639076755215751,0.1947874108095035,0.0036764820922231,-0.8237544903845441,0.0100260875336276
421,9001,901001.001001001,bicycle,-37.8234530526885,14.02806021611973,0.1194934728791514,0.0292822576703524,0.2191315620436772,0.2511548357139517,1.6083319243615286,0.8216356203503881,-0.7659369537567013,-0.159951599289624,0.1230014144350408,0.0026062850904569,-0.7823914012297035,0.0103743205668922
421,9002,901101.1011011011,bicycle,-37.80716524074808,14.02927037436587,0.0655292452812034,0.0171500243852162,0.2218883575229528,0.252946778741234,1.6083319243615286,0.8216356203503881,-0.6778743601290018,-0.1449076793440698,0.0676969464860727,0.0023084107085692,-0.6931454645401197,0.007826151075013
421,9003,901201.2012012012,bicycle,-37.80413018222748,14.027593542760382,0.0207612084023303,0.0066572258110501,0.2230870756128609,0.2535969419786825,1.6083319243615286,0.8216356203503881,-0.5883331991295344,-0.1293457753367364,0.0217195801018517,0.0018990181735702,-0.6023703988974943,0.0040230992440446
421,9004,901301.3013013012,bicycle,-37.80656609358756,14.024834067991897,-0.0151974142606132,-0.002106665536155,0.2235583080204362,0.2534284811472275,1.6083319243615286,0.8216356203503881,-0.4993877178855354,-0.1131199981013505,-0.0152862721129922,0.0013150379376538,-0.5120391185426438,0.0004096674809084
421,9005,901401.4014014014,bicycle,-37.81166512393875,14.021674854001692,-0.0425945961784986,-0.0090325422335565,0.2237050118658048,0.2529666574245683,1.6083319243615286,0.8216356203503881,-0.4117685481739603,-0.0960649435674739,-0.0435370467149317,0.0006418770538097,-0.4228196007218607,-0.0023229062226727
421,9006,901501.5015015017,bicycle,-37.81769510492565,14.018479067286163,-0.06237730292561,-0.0142230835066802,0.2236930849357473,0.2523936604263167,1.6083319243615286,0.8216356203503881,-0.3286335893897378,-0.0789008088337822,-0.063978301302504,-3.141906012593329e-05,-0.3379483759587593,-0.0040334720334905
421,9007,901601.6016016016,bicycle,-37.823551703361865,14.01547713120051,-0.0759643929861732,-0.017935783835185,0.2235668722681434,0.2517799383812463,1.6083319243615286,0.8216356203503881,-0.2537448945261229,-0.0626686183240702,-0.0780503824391448,-0.0006474138116225,-0.2613241110026055,-0.0048514151975628
421,9008,901701.7017017016,bicycle,-37.829519788782,14.012487865925156,-0.0846620825832078,-0.0204289213805386,0.2232678993801014,0.2510811615737375,1.6083319243615286,0.8216356203503881,-0.1889670725681799,-0.0480082739535854,-0.0870840148932002,-0.0011761828850185,-0.1949066135171306,-0.0049760315788958
421,9009,901801.8018018018,bicycle,-37.83551190069456,14.010139561482942,-0.0894447383150604,-0.0219009164770206,0.222634064321442,0.2501036675786747,1.6083319243615286,0.8216356203503881,-0.1341537762300239,-0.0350790934117995,-0.0920728837099362,-0.0016110369702859,-0.1385882023875457,-0.0045922358778416
421,9010,901901.901901902,bicycle,-37.84135497598895,14.008328924002065,-0.0912139557034343,-0.0225538377667498,0.2218444547242364,0.249010911352826,1.6083319243615286,0.8216356203503881,-0.0889332360412278,-0.0239926914976619,-0.093941104362413,-0.0019313788461024,-0.0920328675765854,-0.003836796019781
421,9011,902002.002002002,bicycle,-37.84691820944927,14.006951256938654,-0.0908474764931675,-0.0225990572568518,0.2209837100191571,0.2477888503800214,1.6083319243615286,0.8216356203503881,-0.0529855013811362,-0.0148534334459589,-0.0935917514974107,-0.0021366856862958,-0.0549527328968869,-0.0028783656660208
421,9012,902102.102102102,bicycle,-37.85215827441338,14.005908777243963,-0.0891586117220639,-0.0222417172201021,0.2200915233319839,0.246420939846787,1.6083319243615286,0.8216356203503881,-0.0258649501065601,-0.0077010061177323,-0.0918636687442657,-0.0022401772136531,-0.0269222976161593,-0.0018684299042607
421,9013,902202.2022022022,bicycle,-37.857096307812974,14.005114939246967,-0.0868418103363185,-0.0216628101784213,0.2191860540184845,0.2449063218840424,1.6083319243615286,0.8216356203503881,-0.0068379703803183,-0.0024660268808546,-0.0894743565520023,-0.0022620536953364,-0.0072105713560641,-0.0009202109640269
421,9014,902302.3023023024,bicycle,-37.86178751239178,14.004497165771877,-0.0844357643249401,-0.0210068094015034,0.2182751222183478,0.2432541879485129,1.6083319243615286,0.8216356203503881,0.0051483275766176,0.0010355866049653,-0.0869812481571047,-0.0022241419469316,0.0052504223380815,-0.0001038350823162
421,9015,902402.4024024024,bicycle,-37.86629869302909,14.003997184705272,-0.0823104271540769,-0.0203763994118636,0.2173617393826969,0.2414771223340635,1.6083319243615286,0.8216356203503881,0.011392507132235,0.0030785240903409,-0.0847679022628228,-0.002146349747576,0.0117883357828331,0.0005492438474958
421,9016,902502.5025025024,bicycle,-37.870695731961625,14.003569182458907,-0.0806725587111267,-0.019832798841971,0.2164468524206796,0.2395866562933876,1.6083319243615286,0.8216356203503881,0.0133219226279299,0.0039916542966771,-0.0830495075061245,-0.0020447351653537,0.0138683287216939,0.001037489756947
421,9017,902602.6026026026,bicycle,-37.87503855710844,14.003176705136015,-0.0795803906197386,-0.0193991382132565,0.2155306086853813,0.2375909780869455,1.6083319243615286,0.8216356203503881,0.0123858412291299,0.004123890762253,-0.0818879553415435,-0.0019307782339225,0.0129812298305281,0.0013795687946662
421,9018,902702.7027027028,bicycle,-37.879380097947845,14.002789361880687,-0.0789583580576197,-0.0190644847484831,0.2146128301631298,0.2354942938273239,1.6083319243615286,0.8216356203503881,0.0099897998703555,0.0038208000505881,-0.0812071154960437,-0.0018114300131801,0.0105743356630487,0.0016056275288827
421,9019,902802.8028028028,bicycle,-37.8837660251456,14.002380110645817,-0.078605573936645,-0.0187868486063471,0.2136931177811251,0.233297225358289,1.6083319243615286,0.8216356203503881,0.0074797162832551,0.003414241756876,-0.0808017769064218,-0.0016896103787595,0.0080336452946928,0.0017503558870832
421,9020,902902.9029029028,bicycle,-37.88823245027268,14.00192363435123,-0.0781956880155167,-0.0184945320016823,0.2127708731463611,0.2309976936465562,1.6083319243615286,0.8216356203503881,0.0061655812491779,0.0032224575081868,-0.0803378132699827,-0.0015649591619826,0.0067070280246568,0.0018478094081242
421,9021,903003.003003003,bicycle,-37.892798691574,14.001396245904608,-0.0772707133402778,-0.0180863889376418,0.211845486881323,0.228591982212949,1.6083319243615286,0.8216356203503881,0.0073593499726221,0.0035543504952164,-0.07934621624788,-0.0014347724780289,0.0079421819982033,0.0019274814058229
421,9022,903103.1031031032,bicycle,-37.89745172816354,14.000777870647564,-0.0752377113617163,-0.0174329989734962,0.2109170244270949,0.2260760500686572,1.6083319243615286,0.8216356203503881,0.0123870358744322,0.0047085585762294,-0.0772201090410558,-0.001295153985561,0.0130982992323421,0.0020109049804206
421,9023,903203.2032032032,bicycle,-37.902118497990585,14.000056788124043,-0.0713853271042958,-0.0163824678730661,0.2099879915767003,0.2234476637253185,1.6083319243615286,0.8216356203503881,0.0225191228196104,0.0069549423401416,-0.0732321306638695,-0.0011424613031978,0.0234741995604887,0.0021080964194614
421,9024,903303.3033033032,bicycle,-37.90662270930156,13.999237686133512,-0.0649462638328547,-0.0147763082985577,0.2090672665513993,0.2207106590045781,1.6083319243615286,0.8216356203503881,0.0387498215810154,0.0104841655878142,-0.0665988410212339,-0.000975114049331,0.0400820044401066,0.0022134409177815
421,9025,903403.4034034034,bicycle,-37.91062638112318,13.998352642989737,-0.0552373515725424,-0.0124815748934908,0.2081781813086902,0.217883869169303,1.6083319243615286,0.8216356203503881,0.0613610852411141,0.0153138090845047,-0.0566243895878095,-0.0007957539685357,0.0632012659548041,0.0023011980258205
421,9026,903503.5035035036,bicycle,-37.91356711226937,13.997471821844105,-0.0418973570086893,-0.0094422606360229,0.2073742313232692,0.2150193472723919,1.6083319243615286,0.8216356203503881,0.0892768060190632,0.0211562307046164,-0.0429437798034547,-0.0006136663788695,0.09171992205068,0.0023216566519576
421,9027,903603.6036036036,bicycle,-37.914628339037385,13.996703817342684,-0.0251808278899334,-0.0057392537618709,0.2067682696823681,0.2122380134115088,1.6083319243615286,0.8216356203503881,0.1194504068914687,0.0273045246795333,-0.0258227212788943,-0.000447429009047,0.1225116192114545,0.0021999847045499
421,9028,903703.7037037036,bicycle,-37.91283700393217,13.996160780290126,-0.0060800693667588,-0.0016096535413232,0.2065846012350329,0.2097964968936858,1.6083319243615286,0.8216356203503881,0.1471567602522343,0.0327203772418087,-0.0062809594006875,-0.0003282941281965,0.150739341913816,0.0018401016736879
421,9029,903803.8038038036,bicycle,-37.90807996956269,13.99573718620275,0.0144172289478534,0.0027168254858034,0.2065897848276702,0.2072339271033064,1.6083319243615286,0.8216356203503881,0.1695230667348618,0.0367972181418244,0.0146679471895406,-0.0002982557626934,0.1734663189225776,0.001241618951224
421,9030,903903.903903904,bicycle,-37.90226223989633,13.995187304268422,0.0361570298346803,0.0071899341508752,0.2066175344128232,0.2045898297147438,1.6083319243615286,0.8216356203503881,0.1880250648646774,0.0398600030274817,0.0368630042488985,-0.000380627515523,0.1922031538669533,0.0004387508555392
421,9031,904004.0040040042,bicycle,-37.89713236980795,13.994317330520506,0.0603313317274149,0.0120388446761276,0.2066227234938622,0.202066435497862,1.6083319243615286,0.8216356203503881,0.2087860330366351,0.0431912382140978,0.0615178826762436,-0.0005945419844194,0.2132059469577961,-0.0005610984506138
421,9032,904104.1041041042,bicycle,-37.89419038408169,13.992965528377606,0.0894586961489425,0.0177571465124456,0.2066293515863453,0.1996779457522849,1.6083319243615286,0.8216356203503881,0.2406969615429303,0.0486010404770775,0.0911988248831421,-0.0009741195343802,0.2455479490722212,-0.0018147004929865
421,9033,904204.2042042044,bicycle,-37.89438143391738,13.991126876661632,0.1266782998049495,0.0249508285954991,0.2067340720371007,0.1974307554405053,1.6083319243615286,0.8216356203503881,0.2916041015191931,0.05763271840847,0.1291023992508597,-0.0015830340319341,0.2972247910157491,-0.0034504868656575
421,9034,904304.3043043044,bicycle,-37.897627855769976,13.989102776402328,0.1738841923291457,0.0339624801764719,0.2071679068946907,0.1954922630703263,1.6083319243615286,0.8216356203503881,0.3614784695518078,0.070208855810666,0.1771518060343583,-0.0025298261722237,0.3681903118964359,-0.0056446088762113
421,9035,904404.4044044046,bicycle,-37.90038902127846,13.98756947219701,0.2280956960937257,0.0441574803857518,0.2085611460494084,0.1940465571035362,1.6083319243615286,0.8216356203503881,0.4313961981056612,0.0824920810828945,0.2322957412305981,-0.0040271896685341,0.4391279626118858,-0.0086171708663556
421,9036,904504.5045045046,bicycle,-37.89017729276467,13.986406301775183,0.2767369178997509,0.0530015964235397,0.2125900560553401,0.1909394747834103,1.6083319243615286,0.8216356203503881,0.4525661244813326,0.0847673455304863,0.281689868228815,-0.006580964164174,0.460263087211624,-0.0126289527183743
421,9037,904604.6046046048,bicycle,-37.862911427834405,13.986840200352445,0.2954076362180984,0.055789725292266,0.2216227545685618,0.1915655521835909,1.6083319243615286,0.8216356203503881,0.3492797260512595,0.0626717550794513,0.3004458711460759,-0.0105092100286548,0.3545131185556651,-0.0156372851581909
421,9038,904704.7047047048,bicycle,-37.829002421358055,13.99040728011753,0.2573704764565264,0.0471247263641367,0.2397354035487048,0.2164684813474249,1.6083319243615286,0.8216356203503881,0.0661562449909053,0.0047344969246791,0.2611994552094523,-0.0153344900351941,0.0653884171879028,-0.0111094153800845
421,9039,904804.804804805,bicycle,-37.82873587221589,14.024824103595192,0.1736554619583447,0.0272813913634009,0.2526658097709346,0.3519697136594518,1.6083319243615286,0.8216356203503881,-0.2842076794255183,-0.0740639342469738,0.1749617714118207,-0.0169962445006807,-0.2936988763144336,-0.0006644187062452
421,9040,904904.904904905,bicycle,-37.82601475723664,14.023818809315848,0.0718447662963899,-0.0002476711606354,0.2524919396625229,0.3484550934074105,1.6083319243615286,0.8216356203503881,-0.5687327486503692,-0.1520789159691231,0.0695049043516795,-0.018187909617396,-0.5886918804280385,-0.0051774499367518
421,9041,905005.0050050052,bicycle,-37.86153625219167,14.015347001350838,-0.0245849494384299,-0.0276397955953832,0.2463865607820305,0.3643187708888888,1.6083319243615286,0.8216356203503881,-0.7219276028936866,-0.1992751885164916,-0.0305838663433124,-0.0208087760077119,-0.7487289089819276,-0.0171780509034106
421,9042,905105.1051051052,bicycle,-37.88343297297307,14.011082859578982,-0.1014834556653749,-0.0494794428941373,0.2415422291460232,0.3661827944497699,1.6083319243615286,0.8216356203503881,-0.7398980896427103,-0.2066138209368829,-0.1103729150709609,-0.0237681859139218,-0.7678411189297416,-0.0236319728290494
421,9043,905205.2052052054,bicycle,-37.898585011399874,14.006949521424144,-0.1529857440475962,-0.0633709450826671,0.2363961036123726,0.3628696310357709,1.6083319243615286,0.8216356203503881,-0.6523952678633904,-0.1802773136330347,-0.1635724599254714,-0.0257791566269552,-0.6764720949194423,-0.0224722080933217
421,9044,905305.3053053054,bicycle,-37.91153105205748,14.001961067391678,-0.1704045269250717,-0.0658844730648029,0.2285046126147053,0.3509097869041194,1.6083319243615286,0.8216356203503881,-0.4666740745211106,-0.1200370573403501,-0.1808993032032747,-0.0255716383549026,-0.4817343972998648,-0.0112052408810193
421,9045,905405.4054054056,bicycle,-37.91560971963374,14.000437146064671,-0.1650787591537293,-0.0614269516204841,0.2242747138083681,0.3488280487860622,1.6083319243615286,0.8216356203503881,-0.2648426308173789,-0.0561472520621906,-0.1746057826450975,-0.023175154282404,-0.2706969331686576,0.0041597338242903
421,9046,905505.5055055056,bicycle,-37.90785504534682,14.000624276230496,-0.1451300510577095,-0.0528330254106452,0.221502148446993,0.345717078520518,1.6083319243615286,0.8216356203503881,-0.0846542323784111,-0.001018637705961,-0.1531914796936596,-0.0196578443203298,-0.0828097954101145,0.017604387705598
421,9047,905605.6056056058,bicycle,-37.891110132837,14.00204235029458,-0.1095197042902199,-0.0396687589861081,0.2176796573143266,0.3376144566882069,1.6083319243615286,0.8216356203503881,0.0863220456922551,0.0504331010128688,-0.1155022180233143,-0.01508024200767,0.0951767136273824,0.0306004319146192
421,9048,905705.7057057058,bicycle,-37.868493822402776,14.001118101150528,-0.0499265902878649,-0.0191449897688697,0.2100663046680547,0.3172572679609318,1.6083319243615286,0.8216356203503881,0.2839352623702693,0.1104529153207803,-0.0528212627379855,-0.0083131975669507,0.3007257055204917,0.0488173100378919
421,9049,905805.805805806,bicycle,-37.82106073750828,14.01446997429384,0.026888071470857,0.00609150393884,0.2064576370416722,0.3259439608090424,1.6083319243615286,0.8216356203503881,0.4716215039863073,0.165449175696535,0.0275657774607375,0.0004502450931647,0.4955218787101771,0.0652559612641323
421,9050,905905.905905906,bicycle,-37.75763893036189,14.026128428047864,0.1067063564804877,0.031002890209009,0.2054976802002632,0.3145821995422544,1.6083319243615286,0.8216356203503881,0.5980919201213108,0.1978334457346088,0.1107874829001534,0.0085766746062218,0.6258765820050672,0.0716276571114765
421,9051,906006.0060060062,bicycle,-37.68140832308145,14.039051498113778,0.1817015054094595,0.0528526826859774,0.2055024310081927,0.2963529444859643,1.6083319243615286,0.8216356203503881,0.6567569209109545,0.2057711502725694,0.188663316116193,0.0146627516929764,0.6849272887081578,0.067424243650381
421,9052,906106.1061061062,bicycle,-37.58041564267619,14.059072895555012,0.2486026492626112,0.070797935235383,0.2059425670804828,0.2830879375178216,1.6083319243615286,0.8216356203503881,0.6612547400422321,0.195483851887203,0.2578268083151125,0.0184651500948304,0.6872560238375779,0.0561331032096071
421,9053,906206.2062062063,bicycle,-37.466066028520046,14.081639645407083,0.3065500739657762,0.084726445870555,0.2061639240607223,0.2699433845290753,1.6083319243615286,0.8216356203503881,0.6292802858783474,0.1736118449107268,0.3174024414684114,0.0201794109966236,0.6514937453829415,0.0411175219991175
421,9054,906306.3063063064,bicycle,-37.34402611235592,14.106669931734729,0.3619191266505558,0.0966220288895231,0.2061729778340449,0.2608821991479867,1.6083319243615286,0.8216356203503881,0.5997192586120562,0.152346661794026,0.3740342545586884,0.0204852903068319,0.6182058364075731,0.0263484030178435
421,9055,906406.4064064064,bicycle,-37.2197444913213,14.132961463104667,0.426094508148652,0.1095302238665665,0.2060218445309166,0.2544922576608633,1.6083319243615286,0.8216356203503881,0.6157891079823856,0.143264533449062,0.4394899814868979,0.0200488400499372,0.6320739505002725,0.0142644016032456
421,9056,906506.5065065066,bicycle,-37.09613218690868,14.159843240053188,0.5142865454475868,0.1271416876268812,0.2057686604026138,0.2486388699321598,1.6083319243615286,0.8216356203503881,0.7187663588774822,0.1559494945403911,0.5294148173259722,0.0193806799863068,0.7354669713212512,0.0058015167795119
421,9057,906606.6066066067,bicycle,-36.9721688171554,14.187950552836025,0.6431078661304817,0.1531539914339996,0.205760611817005,0.2421468286426489,1.6083319243615286,0.8216356203503881,0.9393415100019866,0.1962916050485732,0.6608332280271464,0.0185288236617603,0.9596316025365702,0.0002324617207611
421,9058,906706.7067067068,bicycle,-36.84094235260989,14.219408532483223,0.8246729548261984,0.1898379697825976,0.2067207586239206,0.2341761934073895,1.6083319243615286,0.8216356203503881,1.2788445536750377,0.262360783965533,0.8460795894419249,0.0165307447725628,1.3054669547447957,-0.0057099471683424
421,9059,906806.8068068068,bicycle,-36.68959607632158,14.257093186621406,1.0574581127556282,0.2361082227567089,0.2089905212191383,0.2233571982239659,1.6083319243615286,0.8216356203503881,1.685194827831311,0.3399594465122847,1.0834346868302058,0.0115772388400789,1.719058658171075,-0.0170693523428484
421,9060,906906.906906907,bicycle,-36.50916158345359,14.301991696702236,1.3200306706745888,0.28699674200389,0.2106573828764759,0.2096366232720549,1.6083319243615286,0.8216356203503881,2.0493159203403453,0.4053436055197495,1.350861452096079,0.004630192579646,2.088771538044038,-0.0321347437097321
421,9061,907007.0070070073,bicycle,-36.3179693608872,14.350340203619483,1.579310595207802,0.3369902901077811,0.2088275471487967,0.2026027645300228,1.6083319243615286,0.8216356203503881,2.259304825132685,0.441872741265147,1.614862011492373,0.0022573438717841,2.301826632099101,-0.0361104984778496
421,9062,907107.1071071072,bicycle,-36.13359637615505,14.39944505282615,1.8179375144171384,0.3841570779453503,0.2067454093799324,0.2052695341017999,1.6083319243615286,0.8216356203503881,2.3076695441771458,0.4532569362097287,1.8580811714244136,0.002797723852015,2.351568481192482,-0.030104046357011
421,9063,907207.2072072072,bicycle,-35.939732501395746,14.45366535357714,2.038763411791509,0.4286846195343537,0.2061414180836548,0.2070123511747675,1.6083319243615286,0.8216356203503881,2.2682182584219626,0.4499854172549781,2.083343811903504,0.0023051439100848,2.3123005826722207,-0.0238108999116913
421,9064,907307.3073073074,bicycle,-35.71836445855898,14.518695863584703,2.2413051066016347,0.4699568820017766,0.2058478182750848,0.2068146677182795,1.6083319243615286,0.8216356203503881,2.1731696416022825,0.4353587233143587,2.290044621848554,0.0019187917844479,2.2162758646246403,-0.0180222370976594
421,9065,907407.4074074076,bicycle,-35.489607438359606,14.587309729574589,2.4305357053726047,0.5089185227248035,0.2060835266653063,0.2069470287111187,1.6083319243615286,0.8216356203503881,2.063395830613767,0.4174490105005911,2.4832440973164744,0.0007943591061806,2.1051557490036763,-0.0136125897231396
421,9066,907507.5075075076,bicycle,-35.26980376121433,14.65282560150462,2.6175854966782697,0.5477085708271668,0.206321673001889,0.2067589761040917,1.6083319243615286,0.8216356203503881,1.987781257412878,0.4058268469738887,2.674273450643484,-0.0001488669032954,2.028760649921148,-0.009999118871767
421,9067,907607.6076076076,bicycle,-35.0304114878865,14.72265411079463,2.8092897242815003,0.5876765334903865,0.2064185248370628,0.2066318230678231,1.6083319243615286,0.8216356203503881,1.9595741469016297,0.4032851563938283,2.870099672034564,-0.0005792719506007,2.0006304294284534,-0.0069021313929961
421,9068,907707.7077077078,bicycle,-34.766232118060515,14.795018201955424,3.007385999008843,0.6291206547560131,0.2064494560484625,0.2065490349932231,1.6083319243615286,0.8216356203503881,1.967108737313903,0.4074553532684943,3.072484798952959,-0.0007109697917576,2.008859639761183,-0.0044268569461145
421,9069,907807.807807808,bicycle,-34.47378118901292,14.87285209718116,3.208314304003521,0.6712458502715598,0.2064447973638067,0.2064960660007366,1.6083319243615286,0.8216356203503881,1.982701930708132,0.4126480400502052,3.277781450764512,-0.0006525369590389,2.0251861502233397,-0.002531389855529
421,9070,907907.907907908,bicycle,-34.14979908110977,14.953259125511671,3.403632750186071,0.7122501104648372,0.2064300375499609,0.2064769694230677,1.6083319243615286,0.8216356203503881,1.9704841385406997,0.4114773456794576,3.4773575978994606,-0.0005043086988474,2.0129878389067413,-0.0011430929366659
421,9071,908008.008008008,bicycle,-33.790000257414896,15.039966177725956,3.5810348034515003,0.7495278209634202,0.2064158985003132,0.2064772290417661,1.6083319243615286,0.8216356203503881,1.893522720141061,0.3963081019528464,3.658633913145258,-0.0003278910102032,1.9345512058048175,-0.0001883693079524
421,9072,908108.1081081082,bicycle,-33.40480914812144,15.131176981082566,3.72883968860935,0.7806079913609866,0.2064081352401218,0.2064697307919748,1.6083319243615286,0.8216356203503881,1.7316502666200215,0.3629914529904287,3.809671144637217,-0.0001710071934816,1.7692866604849742,0.0003922489285048
421,9073,908208.2082082084,bicycle,-33.00373673758924,15.225203430889112,3.838526264826613,0.8036944848783346,0.2064080585755607,0.2064629214598882,1.6083319243615286,0.8216356203503881,1.4847832461191808,0.3116065968646122,3.92176091926406,-5.40436553111423e-05,1.517128695774537,0.0006925483444635
421,9074,908308.3083083084,bicycle,-32.595042433950354,15.320557019421871,3.905962483239968,0.8179183985853941,0.2064117095032385,0.2064587057186961,1.6083319243615286,0.8216356203503881,1.1698932051660025,0.2457981673656934,3.990680822385871,3.262303026185798e-05,1.1954355655189284,0.0008119521878774
421,9075,908408.4084084084,bicycle,-32.1859038709452,15.415939740621472,3.9319380997403615,0.8234468380423979,0.2064159808195558,0.2064577342303632,1.6083319243615286,0.8216356203503881,0.8164515804983381,0.1718139030795731,4.01723809410018,0.0001028699828731,0.8343335712402321,0.0008321605564504
421,9076,908508.5085085086,bicycle,-31.78278065537025,15.510195794608888,3.92243744386485,0.8215382315980165,0.206420373480041,0.2064604527030571,1.6083319243615286,0.8216356203503881,0.4626347968921383,0.0977085798479562,4.007547946063002,0.0001643667542333,0.4728395706818307,0.0008137989657035
421,9077,908608.6086086088,bicycle,-31.391721279132465,15.60227045515561,3.888801836369156,0.8145752948943707,0.2064256111738837,0.20646697269593,1.6083319243615286,0.8216356203503881,0.1525746662521729,0.0327703176118814,3.9731992882535776,0.0002223097655358,0.1560521660394561,0.0008024791209393
421,9078,908708.7087087088,bicycle,-31.018386740188262,15.69122653335172,3.847516175297144,0.8060202677323669,0.2064325225083532,0.2064762562261423,1.6083319243615286,0.8216356203503881,-0.0667813653874752,-0.0131318477201687,3.931036671241917,0.0002837600802487,-0.0680551158116656,0.0008351044377554
421,9079,908808.8088088088,bicycle,-30.667552530510648,15.77637324287781,3.818750022985837,0.8001109313443182,0.2064411801139201,0.206484246056699,1.6083319243615286,0.8216356203503881,-0.1524215725607097,-0.0309524584196012,3.9016700410535794,0.0003622926497486,-0.1555297144709434,0.0009478294591578
421,9080,908908.908908909,bicycle,-30.34181267027592,15.857568393384868,3.821882842823828,0.8009281247538477,0.2064490523004332,0.2064827007249827,1.6083319243615286,0.8216356203503881,-0.0810969093520964,-0.0157664421586543,3.90490385104958,0.0004892351339297,-0.0826067091313378,0.0011920617831641
421,9081,909009.0090090092,bicycle,-29.996231368617032,15.94554235823256,3.864885000005651,0.8101817075104083,0.2064408267454611,0.2064870428753891,1.6083319243615286,0.8216356203503881,0.1171667044784175,0.0262436179685383,3.9488897020297378,0.0007639742491504,0.1200582183661762,0.0016698278806399
421,9082,909109.1091091092,bicycle,-29.65313350898492,16.031653721034132,3.950235757533559,0.8284523373172211,0.2064409653757771,0.2064729108830652,1.6083319243615286,0.8216356203503881,0.4027035710729327,0.0869158963270247,4.036173248296241,0.001151104192211,0.4119686432283032,0.002525111057686
421,9083,909209.2092092092,bicycle,-29.266630003722245,16.12695920593517,4.065799012504566,0.8533103581301157,0.2064307511628158,0.2064598898390074,1.6083319243615286,0.8216356203503881,0.6945631139612329,0.1495820202101469,4.154378028905274,0.0018358443236576,0.7104761451497471,0.0040431694039213
421,9084,909309.3093093092,bicycle,-28.83770639779619,16.23011053249937,4.193066262663404,0.8810632456796618,0.2064220342655602,0.206412049985021,1.6083319243615286,0.8216356203503881,0.9185073398026083,0.1991468410976555,4.284631654712817,0.002951170365233,0.9398248818124156,0.0066625157949821
421,9085,909409.4094094096,bicycle,-28.38678431079433,16.337026866776085,4.317076746804697,0.908907287050292,0.2063981262195827,0.2063112633683909,1.6083319243615286,0.8216356203503881,1.042879085447053,0.2298227362776257,4.411716237234629,0.0048924815051235,1.0678433186948428,0.01122157260824
421,9086,909509.5095095095,bicycle,-27.933650214767496,16.443660994593618,4.430887667825804,0.9359727001931883,0.206308827992086,0.2061739613839342,1.6083319243615286,0.8216356203503881,1.0794082505097589,0.2455695559738707,4.528657503347135,0.0084639101728908,1.1068225403643284,0.0192468758814749
421,9087,909609.6096096096,bicycle,-27.494527453201155,16.546609556344162,4.533271898005065,0.9629922243067124,0.2060672512527196,0.2062339630899038,1.6083319243615286,0.8216356203503881,1.0574385030787132,0.2550250417155978,4.634401948369639,0.0150567680902891,1.0872476266133029,0.0332649683470865
421,9088,909709.7097097096,bicycle,-27.019936233084746,16.65739141329419,4.61676782632335,0.9898789551527576,0.2060009236638582,0.2085093923308578,1.6083319243615286,0.8216356203503881,0.9707416620761902,0.2602946168815219,4.721631092358814,0.0246035708638892,1.003459506690309,0.0562288226871633
421,9089,909809.80980981,bicycle,-26.53945160084678,16.77001148735524,4.678937625949601,1.0167728640543887,0.2067260050675025,0.2139247861412397,1.6083319243615286,0.8216356203503881,0.8349917398734779,0.263546234219257,4.788013937018731,0.0347405169599582,0.8713078719713644,0.0865471863714919
421,9090,909909.90990991,bicycle,-26.082099337123797,16.879171662300813,4.724251402878586,1.0433284292806275,0.2107558928984928,0.2246452915430102,1.6083319243615286,0.8216356203503881,0.6865693749844568,0.2642232506137699,4.837981581268709,0.0319334973060931,0.7266529702916006,0.1147470853566619
421,9091,910010.01001001,bicycle,-25.59693238877902,16.9984282983147,4.7518751304935405,1.0633252102041415,0.2198951227609596,0.2260547063291682,1.6083319243615286,0.8216356203503881,0.5271596780229966,0.239199849132255,4.869391779400735,0.0012071301635216,0.5666418582775514,0.1184520932949955
421,9092,910110.11011011,bicycle,-25.133367460617382,17.123926369386655,4.76447417152507,1.0761491249476074,0.2234052890856726,0.2246003503911604,1.6083319243615286,0.8216356203503881,0.3713655796991824,0.1960719999424461,4.884493114431216,-0.0061713312214366,0.4055767048129562,0.1089227224219288
421,9093,910210.2102102104,bicycle,-24.63698117256536,17.258771299420996,4.758692542697744,1.0819834370841082,0.2244919304327395,0.2247655652087029,1.6083319243615286,0.8216356203503881,0.2047675615348761,0.1425791277221739,4.880145754747612,-0.0045040504351852,0.2313690898714999,0.0934179114034832
421,9094,910310.3103103105,bicycle,-24.169854474707797,17.382221355573204,4.738968611934144,1.0820980842771173,0.2241954667924338,0.2239331232869089,1.6083319243615286,0.8216356203503881,0.0487737696422284,0.0876705504328052,4.860942058542632,0.0014395779089333,0.0670442178088361,0.0746329610608178
421,9095,910410.4104104104,bicycle,-23.68292797572944,17.50895700630026,4.706964666905955,1.077936165538363,0.2239965451348701,0.2238386454605828,1.6083319243615286,0.8216356203503881,-0.0942856401789386,0.0374927980294882,4.8288127906928,0.0054575560693539,-0.0836019450101561,0.0574996229426863
421,9096,910510.5105105104,bicycle,-23.240488013658133,17.621821294262713,4.674797403182937,1.0730287714361806,0.223908184420866,0.2237847417090072,1.6083319243615286,0.8216356203503881,-0.1824387811943288,0.0039042086996455,4.796358366248511,0.0082418234436807,-0.1770176851972276,0.0443158082026922
421,9097,910610.6106106108,bicycle,-22.79036376348923,17.73435776715621,4.647440658718673,1.069359902687139,0.2238219089872689,0.2236976894142122,1.6083319243615286,0.8216356203503881,-0.2177112831082475,-0.011840850957746,4.7688689380322655,0.0111503209603269,-0.2149089210409054,0.0367772239446771
422,9022,903103.1031031032,car,-73.36660480323208,7.286101541978388,0.7565019346117332,0.7446102480554992,0.799769791882281,0.799769791882281,5.021479355454397,2.5700101120015524,-2.7295391541062326,-2.257595506137602,1.0612161455747864,-0.0236620149598613,-3.521276705070912,0.3843589851383795
422,9023,903203.2032032032,car,-73.37802082090862,7.347934676573848,0.4926334053773656,0.5271664763569986,0.8492211580839379,0.9214367881027832,5.021479355454397,2.5700101120015524,-2.654745116462313,-2.189329724641937,0.7211966483285731,-0.0216231433419437,-3.3973145283484447,0.5468914627728447
422,9024,903303.3033033032,car,-73.40012763611084,7.384045679301457,0.2617340864776461,0.3398142598103234,0.8656866572206678,0.9685461276777656,5.021479355454397,2.5700101120015524,-2.4119442097612787,-1.967721235971857,0.4284167165676465,0.0209184167690275,-3.0617222624023093,0.5614788699547448
422,9025,903403.4034034034,car,-73.43421119097802,7.407691621640299,0.098789121100939,0.2209120965023679,0.8876914042463615,1.012970005164045,5.021479355454397,2.5700101120015524,-1.9520557763450856,-1.5103168519858057,0.2336992109043588,0.0628181793086007,-2.4035728368299525,0.5607284239342081
422,9026,903503.5035035036,car,-73.44976806779209,7.449710809859462,0.0310522669931807,0.2117429668529102,0.9107697165518818,1.0507479127656814,5.021479355454397,2.5700101120015524,-1.3077792155358825,-0.7936227663952927,0.1863111651583275,0.1052970893920379,-1.4287918392711525,0.546513908295774
422,9027,903603.6036036036,car,-73.43255131491448,7.532321880519376,0.0525777769136213,0.3187107104395929,0.9347870288212224,1.0912925508879514,5.021479355454397,2.5700101120015524,-0.6224043630210166,0.0445109325631993,0.2876246934334703,0.1470135208114912,-0.3338939986494948,0.5271462907875709
422,9028,903703.7037037036,car,-73.40519017730118,7.633642481961122,0.1246882898901516,0.4964212510367712,0.960030745182324,1.1340396304313185,5.021479355454397,2.5700101120015524,-0.0647167585997113,0.7633549444158326,0.4781809421907502,0.1825492115628273,0.5882326695062233,0.4907966549736606
422,9029,903803.8038038036,car,-73.39749246702921,7.698434953723629,0.211144868932165,0.6909924943238176,0.9763075187817548,1.1535295622623782,5.021479355454397,2.5700101120015524,0.3026615238911405,1.230448062752908,0.6907014558846973,0.2120949827954253,1.1888624222545712,0.4384205448282335
422,9030,903903.903903904,car,-73.3801720389058,7.775430634304886,0.297486380598392,0.8855365343064434,0.9934019319853148,1.1684592710381938,5.021479355454397,2.5700101120015524,0.5190759527391835,1.5060621796712157,0.9043609436953068,0.2341033612563737,1.5452448015067348,0.3871454987010902
422,9031,904004.0040040042,car,-73.35785579012503,7.866775729741125,0.3742044458932897,1.0664884532249244,1.0134834487097364,1.1854404628561144,5.021479355454397,2.5700101120015524,0.6139802007088383,1.6218053482469497,1.10302637124671,0.2464942444007776,1.7011316077234653,0.3367128267070518
422,9032,904104.1041041042,car,-73.32580440127913,7.978088237603603,0.434199740182593,1.2189136266130272,1.0387721605937577,1.2032298191179918,5.021479355454397,2.5700101120015524,0.6083629003266782,1.583756389748486,1.2706981573425604,0.2441434751202155,1.673462364323162,0.279129782998838
422,9033,904204.2042042044,car,-73.2956016924418,8.089280173710229,0.4776670587668514,1.3412871416012098,1.0612888498098214,1.221426558064828,5.021479355454397,2.5700101120015524,0.5412520128822869,1.4445256295855733,1.4039041788866222,0.2372131357248104,1.5250432061267516,0.2320587327065338
422,9034,904304.3043043044,car,-73.26093700022332,8.206955422289997,0.5060949352856079,1.4318026330289697,1.083798472676365,1.2341122674911622,5.021479355454397,2.5700101120015524,0.4417510651216009,1.235560077132745,1.5021835064503328,0.2227904316145927,1.2986444482920911,0.1878172107674749
422,9035,904404.4044044046,car,-73.22157318260014,8.33792609140439,0.5182134462731403,1.4808929232908763,1.109961044904919,1.2427418987098855,5.021479355454397,2.5700101120015524,0.3174179737752803,0.9466599239396886,1.556855850598886,0.1943936382891692,0.9890602840411102,0.1366709047369629
422,9036,904504.5045045046,car,-73.18876103203208,8.46092405654562,0.517811467821231,1.493970744001422,1.1306153083953807,1.2502020628955148,5.021479355454397,2.5700101120015524,0.1926361227731156,0.6298806398352887,1.5721984452921256,0.1681349123780177,0.6519198566228317,0.0941211813421304
422,9037,904604.6046046048,car,-73.15757864331987,8.584159767103207,0.509872500737559,1.4794652641530723,1.148591003588905,1.2496629855897408,5.021479355454397,2.5700101120015524,0.0870146400093316,0.3289591790135776,1.5584817301607783,0.1411457813714534,0.335728703746331,0.055424962914276
422,9038,904704.7047047048,car,-73.12333226265726,8.709973301344315,0.4975036159009108,1.444505475296258,1.1651885851374684,1.246366533801447,5.021479355454397,2.5700101120015524,0.005223500411932,0.0655371321023709,1.5236059120724317,0.1128314703142853,0.0622807049712605,0.0210597822647785
422,9039,904804.804804805,car,-73.08660744290111,8.839686715497887,0.483534608574198,1.3970140878476467,1.1794245606200386,1.2413527597897114,5.021479355454397,2.5700101120015524,-0.0510010441884034,-0.1441685769092101,1.475828759110618,0.0859276039221891,-0.1527222052416165,-0.0078494014085076
422,9040,904904.904904905,car,-73.04497594840409,8.967659968028935,0.4713743698346981,1.3474309051592086,1.18798254998666,1.232807829052548,5.021479355454397,2.5700101120015524,-0.0783685672278608,-0.2805280795857841,1.4259736180772755,0.0660536241460456,-0.2894958640377451,-0.0320901927459953
422,9041,905005.0050050052,car,-72.99641782701762,9.111056961350366,0.4561550292453513,1.2843277124767656,1.2028759453446278,1.229016632862704,5.021479355454397,2.5700101120015524,-0.1069726853554215,-0.416369589056788,1.3624450096034717,0.0363136275828333,-0.4269805158216918,-0.0499442610528024
422,9042,905105.1051051052,car,-72.94817306816864,9.254652006460605,0.4346734916583374,1.1984118759093645,1.2146904159009668,1.2244637504966878,5.021479355454397,2.5700101120015524,-0.1487575141316011,-0.587941808669422,1.274764287681445,0.0103961301969568,-0.6029161299268511,-0.0655477586658243
422,9043,905205.2052052054,car,-72.89997870571193,9.39005699399642,0.4113876390681749,1.1009075730519635,1.2171898582752232,1.2083570833033568,5.021479355454397,2.5700101120015524,-0.1813170739708808,-0.7378449348884051,1.1752510790056063,-0.0047090633261344,-0.7549815272893304,-0.0854044653733438
422,9044,905305.3053053054,car,-72.84982282331791,9.51035417351,0.3906299488110718,1.0063050149777106,1.2179344455261538,1.1939705195125525,5.021479355454397,2.5700101120015524,-0.19143109531399,-0.818297687948165,1.0792998440156547,-0.0187985846598746,-0.834036021427535,-0.103154666960612
422,9045,905405.4054054056,car,-72.80020927307383,9.620393402196465,0.3772849219314069,0.9281143230530676,1.2178530430494623,1.1800075899513611,5.021479355454397,2.5700101120015524,-0.1688698571953101,-0.8038664391643302,1.0013175424846863,-0.0332157806692837,-0.8126873799613606,-0.1194047869033873
422,9046,905505.5055055056,car,-72.74902565928787,9.722746738011086,0.37706064746955,0.8797718065476623,1.216425439935901,1.1650477637321528,5.021479355454397,2.5700101120015524,-0.1041802934614405,-0.679275674544819,0.9559473645957874,-0.0483507971874509,-0.6732194694529817,-0.138001889564877
422,9047,905605.6056056058,car,-72.69615869948488,9.822723887347722,0.3970119736016231,0.8761298797035066,1.2126927620239587,1.1481801327082894,5.021479355454397,2.5700101120015524,0.0136440729370023,-0.4296877767662006,0.959703202439556,-0.0647443937310198,-0.3976475313286044,-0.1633835580982892
422,9048,905705.7057057058,car,-72.63660832719032,9.934460821659671,0.4433765064272501,0.928874874607812,1.2047555766010696,1.1264798585409508,5.021479355454397,2.5700101120015524,0.1881669642943819,-0.0583052994499139,1.0260324405905823,-0.0815394995388421,0.0129062866890162,-0.1965699421570049
422,9049,905805.805805806,car,-72.57089439784842,10.069425615225631,0.510314509736542,1.0249078109032357,1.2012636961862444,1.119825795045168,5.021479355454397,2.5700101120015524,0.3747275703227398,0.3367845638660127,1.1400379087051953,-0.1056905218701946,0.4493943166075702,-0.2277923234422513
422,9050,905905.905905906,car,-72.48754315607985,10.23251879498297,0.5858219091172611,1.1348425483215752,1.194479459553153,1.0988432328692774,5.021479355454397,2.5700101120015524,0.5220957089579881,0.632406298458402,1.2707194800231911,-0.1277768436469994,0.7800222430742254,-0.2531540162660978
422,9051,906006.0060060062,car,-72.40350285222728,10.381404888565283,0.6518772900272107,1.2248231601582895,1.188874822934548,1.0886180483140897,5.021479355454397,2.5700101120015524,0.5755926268049104,0.735869166436873,1.3795323066200085,-0.1484129034317367,0.8973757364466961,-0.2598597502142744
422,9052,906106.1061061062,car,-72.32723492283054,10.51358209253009,0.7062334131567367,1.2891565441479231,1.1838940304570948,1.086796430244916,5.021479355454397,2.5700101120015524,0.5629461070212494,0.6996945743633575,1.4603421497745264,-0.1676038029710094,0.8603864530287003,-0.2573246359146208
422,9053,906206.2062062063,car,-72.24420476074022,10.659160513123826,0.7578136832890189,1.3380302576584893,1.177390938801308,1.073799487120212,5.021479355454397,2.5700101120015524,0.5444434581493682,0.6176052051006012,1.526313976359789,-0.1870085414051512,0.7791304437608676,-0.2661026495433524
422,9054,906306.3063063064,car,-72.15632446226009,10.806859653147956,0.8069896017464947,1.3679006543302998,1.1649937422435823,1.0487044425665182,5.021479355454397,2.5700101120015524,0.5237990257086205,0.4936828042934361,1.5753720116506975,-0.2014632531055321,0.6603617442674595,-0.2863747497534824
422,9055,906406.4064064064,car,-72.06515069365246,10.953789168554104,0.8530615516768943,1.3778236206296204,1.1491218240232388,1.0197502392462812,5.021479355454397,2.5700101120015524,0.4991309161465576,0.3405064831062599,1.6062815558789936,-0.2144096633952537,0.5149684905625735,-0.3160439688056081
422,9056,906506.5065065066,car,-71.97325376162658,11.09423751124022,0.896216165214525,1.3699829386417377,1.1308041635164852,0.9881783144023872,5.021479355454397,2.5700101120015524,0.4727250669962167,0.1779030084672648,1.6212263947951318,-0.2273359711547197,0.3623075470295067,-0.351925717664599
422,9057,906606.6066066067,car,-71.87889565878827,11.22764335441854,0.9370898381295224,1.3480431367832266,1.1098802318446743,0.9540781077626906,5.021479355454397,2.5700101120015524,0.447724313399498,0.0237447640017506,1.6241569785958228,-0.2397327099760561,0.2204006902016736,-0.3904413020995302
422,9058,906706.7067067068,car,-71.77756832863996,11.357487532688168,0.9752547738186754,1.314724201585986,1.0845971739592462,0.9195495858867276,5.021479355454397,2.5700101120015524,0.4219239917014022,-0.1146977355053759,1.6180739370530808,-0.247907915003871,0.0957459349045651,-0.426624121742497
422,9059,906806.8068068068,car,-71.67861390336175,11.469579057225316,1.0126942827961514,1.275794585904822,1.0617391059243209,0.8863860011679914,5.021479355454397,2.5700101120015524,0.403326585633746,-0.2211534236412718,1.6075702358438524,-0.2625251848128277,0.0034507810362769,-0.459966589631759
422,9060,906906.906906907,car,-71.57629627533714,11.577316688160256,1.050842570170851,1.2350978639990466,1.0381668117039409,0.8502024741500785,5.021479355454397,2.5700101120015524,0.3946981403975573,-0.29313356513188,1.59762389294562,-0.2780912397533761,-0.0520993181626487,-0.4888758227681167
422,9061,907007.0070070073,car,-71.46284671731465,11.694436861293095,1.0828349919123208,1.1875166902857277,1.0097450739624827,0.8160771748989242,5.021479355454397,2.5700101120015524,0.3655445983044384,-0.3638696424200847,1.5816170501243374,-0.2849824839756181,-0.1135893341498131,-0.5031117502025526
422,9062,907107.1071071072,car,-71.33955191450352,11.807569429137825,1.104179155434636,1.130605180526317,0.9795773415232392,0.7809612921624285,5.021479355454397,2.5700101120015524,0.3064110888268506,-0.443330750488343,1.5541385825938692,-0.2865884638683332,-0.1972951909302651,-0.5015022605336927
422,9063,907207.2072072072,car,-71.21574643900888,11.905849377293436,1.1159133976515316,1.0680621031800124,0.9533074760620768,0.7494609428981118,5.021479355454397,2.5700101120015524,0.2329637626020954,-0.5137842879339586,1.5169305744623465,-0.2914463922728018,-0.2840227027987764,-0.4874192379342533
422,9064,907307.3073073074,car,-71.08964737272923,11.999257917796958,1.1181282679125106,1.0013431874966623,0.9254457135222008,0.7194486126565734,5.021479355454397,2.5700101120015524,0.1511108321457749,-0.5730813482366777,1.4724921862736542,-0.290973820152333,-0.3669384166927566,-0.4654169245349482
422,9065,907407.4074074076,car,-70.96958449960958,12.079925810421212,1.1168593051388804,0.9364113842980274,0.9006745140396819,0.690322002263367,5.021479355454397,2.5700101120015524,0.0875238161432307,-0.60242648814558,1.4275693018078282,-0.2937462793877748,-0.4177899403662973,-0.4427523661601554
422,9066,907507.5075075076,car,-70.84879292930712,12.156239278762966,1.1138146945788334,0.8746502467761292,0.8743154167411787,0.6631785212993873,5.021479355454397,2.5700101120015524,0.0417363967858138,-0.6080819140127802,1.3854849496129966,-0.2933047603452005,-0.4396875534568948,-0.4221141981753271
422,9067,907607.6076076076,car,-70.73342120621545,12.221966717907083,1.118811131419169,0.8229334873001327,0.8522122899419238,0.6372039237650426,5.021479355454397,2.5700101120015524,0.044911329057795,-0.5725856409692415,1.3559889982843378,-0.3004192218205045,-0.4014413335272431,-0.4107507753586879
422,9068,907707.7077077078,car,-70.61833428859373,12.284073769770432,1.1356602957694322,0.7824456072934122,0.8299863770441229,0.6067139108693302,5.021479355454397,2.5700101120015524,0.0928232673792878,-0.5073199463003155,1.343824987897129,-0.3099674783959637,-0.3117175330771643,-0.41087938187917
422,9069,907807.807807808,car,-70.48990145126665,12.352740625425463,1.1552229661435467,0.7460956132462554,0.8034028388161527,0.5765556420271154,5.021479355454397,2.5700101120015524,0.1326585030631284,-0.4513438568274322,1.339008942664689,-0.3134546491516623,-0.2327427164584899,-0.4088280610065002
422,9070,907907.907907908,car,-70.35721025069074,12.418742170633848,1.1728046029144146,0.7106254285127224,0.7775497701936257,0.5461970676066457,5.021479355454397,2.5700101120015524,0.1493453422913292,-0.4136870072207597,1.3343100373970191,-0.3163476890506604,-0.1837874254802236,-0.3995787199573251
422,9071,908008.008008008,car,-70.22195256830997,12.484950031890223,1.173620290952409,0.6673365764423803,0.7474225089438411,0.5137092482270446,5.021479355454397,2.5700101120015524,0.0945288462940725,-0.420973514956603,1.314406425303316,-0.3083154921738655,-0.2168254353306938,-0.3730162646189316
422,9072,908108.1081081082,car,-70.09264880935783,12.54448683441105,1.151976908083284,0.6145908510795782,0.7166340389197599,0.4804857622322784,5.021479355454397,2.5700101120015524,-0.0261115786008956,-0.4621087214934691,1.272308940516861,-0.2932621197302955,-0.3232249719045947,-0.3312882469310274
422,9073,908208.2082082084,car,-69.9700095441236,12.593465031577512,1.1129923033382791,0.5573217187827123,0.690677720078327,0.4532759856119909,5.021479355454397,2.5700101120015524,-0.1671721736233717,-0.5048176606399569,1.212957764197267,-0.2794509398637471,-0.4504577260608978,-0.2826220854073625
422,9074,908308.3083083084,car,-69.85480935495293,12.636343709464343,1.056199713735588,0.496490434830529,0.6639155912652683,0.4306712094935681,5.021479355454397,2.5700101120015524,-0.3225355477664501,-0.5447612338573208,1.137787646599957,-0.2598073486602662,-0.5897091406001158,-0.230297874457033
422,9075,908408.4084084084,car,-69.75552240919392,12.666353997430068,0.9954239486790863,0.4388332286110995,0.6428617516756588,0.4109344708333451,5.021479355454397,2.5700101120015524,-0.4330308361493028,-0.5568872500379565,1.059796281434345,-0.2455102482485018,-0.6804381567988276,-0.1861263793319365
422,9076,908508.5085085086,car,-69.6656273189386,12.6883024823676,0.942587639499668,0.3890817893248924,0.6246563058806114,0.3924436238793459,5.021479355454397,2.5700101120015524,-0.4698363718717804,-0.5336438890308369,0.99213555086501,-0.2356334985344806,-0.6931992555836329,-0.1581037908839986
422,9077,908608.6086086088,car,-69.58063944997565,12.707755226002115,0.906195833369276,0.3498119324750302,0.6076491152853393,0.3756757842326755,5.021479355454397,2.5700101120015524,-0.4285746234653735,-0.4787724974575385,0.9437012482317034,-0.2301895536371629,-0.6252064320326243,-0.148378669441571
422,9078,908708.7087087088,car,-69.49835880046166,12.727294139606665,0.8935141305056936,0.3225011610908352,0.5914680982791194,0.3598888260939885,5.021479355454397,2.5700101120015524,-0.3113746097795162,-0.3988216197898837,0.9215469251247737,-0.2304902711859163,-0.4808543110489388,-0.1574546397310125
422,9079,908808.8088088088,car,-69.42278573283697,12.745342714495154,0.9132711946839368,0.3087193887226255,0.5764587386795866,0.344619403615249,5.021479355454397,2.5700101120015524,-0.1138644607809237,-0.2974390666246044,0.9339549196693312,-0.2389563642972291,-0.2575854012232,-0.1873095695903695
422,9080,908908.908908909,car,-69.34377599107233,12.76501026848645,0.9668533311994252,0.3069747635556638,0.5624557757747617,0.3271517883430349,5.021479355454397,2.5700101120015524,0.1381538165176599,-0.1887312130339669,0.9816067002788952,-0.2559045827629125,0.0162271563933896,-0.2333294391778549
422,9081,909009.0090090092,car,-69.2372904104321,12.798330891124076,1.0192781201779109,0.3036669049998293,0.5373406417289937,0.3105874389857267,5.021479355454397,2.5700101120015524,0.2878428598600945,-0.1282896461152431,1.0310671132125062,-0.2608487751882687,0.1816125370569821,-0.2575434558604405
422,9082,909109.1091091092,car,-69.14312596780077,12.82096681864901,1.0511660661355509,0.2911241615782702,0.5090747966593778,0.2690711473896511,5.021479355454397,2.5700101120015524,0.2997683422403333,-0.1271297605528778,1.059758849183105,-0.2580979613008228,0.1997972796181381,-0.2571071412562108
422,9083,909209.2092092092,car,-69.04986216178392,12.841216550782248,1.0729657494791411,0.2757940747139254,0.4859192518477775,0.2479412698076431,5.021479355454397,2.5700101120015524,0.2679377116897249,-0.1372306045935279,1.077567420793321,-0.2572281571824426,0.1728332238792628,-0.246478260514253
422,9084,909309.3093093092,car,-68.95361285966352,12.860944337666954,1.0852374417302897,0.2585372023960398,0.4635309273974793,0.2273491619292359,5.021479355454397,2.5700101120015524,0.2115112774817039,-0.1508828594408134,1.086316868690003,-0.2539634831144455,0.1217313544989642,-0.229530248783959
422,9085,909409.4094094096,car,-68.841558136087,12.884865751885425,1.0771402159947765,0.2377426741782197,0.4372978510222499,0.2112252713924747,5.021479355454397,2.5700101120015524,0.0979923841903098,-0.1729553655859036,1.076462970550928,-0.24079056682386,0.0155258225658599,-0.1981792488579676
422,9086,909509.5095095095,car,-68.74262141051702,12.903600514709211,1.0555284056362155,0.2153978036273819,0.4165900279992969,0.195391429592161,5.021479355454397,2.5700101120015524,-0.0238702326802847,-0.1924715502817121,1.0524129007769265,-0.2301380350805288,-0.099711259594621,-0.166351286096954
422,9087,909609.6096096096,car,-68.64886411893094,12.92087644653813,1.0298690693617665,0.1937855419028279,0.3983406318397155,0.1816748988120883,5.021479355454397,2.5700101120015524,-0.1141202761164145,-0.2015696543581643,1.024403774834388,-0.2208620437823121,-0.1833720712562368,-0.1415218939321903
422,9088,909709.7097097096,car,-68.55495267380478,12.937928937202535,1.005016945835436,0.1738304548383983,0.3808101314706396,0.1683777786948386,5.021479355454397,2.5700101120015524,-0.1662020231083921,-0.2007084345221872,0.997629420016143,-0.2121594418449623,-0.228893791184452,-0.1245576996049544
422,9089,909809.80980981,car,-68.45706754355864,12.955597388723694,0.9807469200741414,0.1554410288918271,0.3633293771782928,0.1551137522853525,5.021479355454397,2.5700101120015524,-0.1958065648015038,-0.1941093062525383,0.9719644814005328,-0.2032522609804316,-0.252008236845129,-0.1118502666756615
422,9090,909909.90990991,car,-68.35186261786967,12.97421780484017,0.9525910263589896,0.1379120378028824,0.3456686719335847,0.1416114504607397,5.021479355454397,2.5700101120015524,-0.2289887368787623,-0.1867350355495086,0.942972575960046,-0.1930080688932261,-0.2787145082288074,-0.0981021815342623
422,9091,910010.01001001,car,-68.24419876603287,12.993103335320324,0.9147686124125192,0.1205646160190904,0.3281998647872778,0.1282915470643115,5.021479355454397,2.5700101120015524,-0.2867792774494554,-0.1815194658276547,0.9048047814589916,-0.1807366823306845,-0.3299830783764311,-0.0793904177719388
422,9092,910110.11011011,car,-68.135925959587,13.012476002669551,0.8639537062823162,0.1032325450625222,0.3116518044421441,0.1159624567856524,5.021479355454397,2.5700101120015524,-0.3725239717874836,-0.1782691902350763,0.8539899795008764,-0.1666555725774841,-0.4092417977121383,-0.0554541680014132
422,9093,910210.2102102104,car,-68.03365723407909,13.030981235813906,0.80619190716762,0.0868453301709977,0.2979783825255861,0.1063896030865828,5.021479355454397,2.5700101120015524,-0.451922987098648,-0.1726162343659409,0.7961613852914856,-0.1536702675400049,-0.4826857324373135,-0.0323300840749972
422,9094,910310.3103103105,car,-67.94340022048418,13.049665731400063,0.7593810329660142,0.0731661712838003,0.2902078751012721,0.1012913752897338,5.021479355454397,2.5700101120015524,-0.4580250191165492,-0.1586549937297464,0.7485636722744363,-0.1471912714799064,-0.4842717846236861,-0.0209562350982069
422,9095,910410.4104104104,car,-67.85317659652605,13.06665126349671,0.7229119120772594,0.0613337998382308,0.2793984335341237,0.0898095693160666,5.021479355454397,2.5700101120015524,-0.421648627294059,-0.1429513209410253,0.7117929597515112,-0.1404074430861083,-0.4447204826853439,-0.0211266972776868
422,9096,910510.5105105104,car,-67.76214064503789,13.08284773976782,0.7014699488420321,0.0514762302270545,0.2713570217507241,0.0851067605185715,5.021479355454397,2.5700101120015524,-0.3411132631874485,-0.1256851862699665,0.6895994344335645,-0.1384287233045933,-0.362319801051274,-0.0296544454723211
422,9097,910610.6106106108,car,-67.67317779588579,13.094381850654154,0.679418195076406,0.0412240055950782,0.2592213391582729,0.0733659329123332,5.021479355454397,2.5700101120015524,-0.2942090018710944,-0.1166528799277666,0.6672856068247979,-0.1343071902864686,-0.3142808365591863,-0.0373414909863755
